1 1
15 15
2 2 2 2 2 2 2 2 2 2 2 2 2 2 2
2 2 2 6 8 8 8 8 8 8 8 7 2 2 2
2 2 6 0 0 0 0 0 0 0 0 0 7 2 2
2 6 0 0 0 0 0 0 0 0 0 0 0 7 2
4 0 0 0 0 0 0 0 0 0 0 0 0 0 5
4 0 0 0 0 0 0 0 0 0 0 0 0 0 5
4 0 0 0 0 0 0 0 0 0 0 0 0 0 5
4 0 0 0 0 0 0 0 0 0 0 0 0 0 5
6 0 0 0 0 0 0 0 0 0 0 0 0 0 5
0 0 0 0 0 0 0 0 0 0 0 0 0 0 5
0 0 0 0 0 0 0 0 0 0 0 0 0 0 5
0 0 0 0 0 0 0 0 0 0 0 0 0 0 5
0 0 0 0 0 0 0 0 0 0 0 0 0 0 5
0 0 0 0 0 0 0 0 0 0 0 0 0 0 5
3 3 3 3 3 3 3 3 3 3 3 3 3 3 2
salle_longue_serpent_rose.txt 0 13 42 14
