27 16
-1 -1 -1 -1 -1 -1 -1 -1 -1 -1 -1 -1 -1 -1 -1 -1 -1 -1 -1 -1 -1 -1 -1 -1 -1 -1 -1
-1 0 0 0 0 0 0 0 0 0 0 0 0 0 0 0 0 0 0 0 0 0 0 0 0 0 -1
-1 0 0 0 0 0 0 0 0 0 0 0 0 0 0 0 0 0 0 0 0 0 0 0 0 0 -1
-1 0 0 0 0 0 0 0 0 0 0 0 0 0 0 0 0 0 0 0 0 0 0 0 0 0 -1
-1 0 0 0 0 0 0 0 0 0 0 0 0 0 0 0 0 0 120303 160303 160303 130303 0 010103 0 0 -1
-1 0 0 0 0 0 0 0 0 0 0 0 0 0 0 0 0 120303 020303 020303 020303 020303 160203 160203 160203 160203 -1
-1 0 0 0 0 0 0 0 0 0 0 0 0 0 0 0 120303 020303 020303 020303 020303 020303 020303 020303 020303 020303 -1  
-1 0 0 0 0 0 0 0 0 0 0 0 0 0 0 0 020303 020303 020303 0 0 0 0 0 0 0 -1
-1 0 0 0 0 0 0 0 0 0 0 0 0 0 0 120303 020303 020303 020303 0 0 0 0 0 0 0 -1 
-1 0 0 0 0 0 0 0 0 0 0 0 0 0 0 020303 020303 020303 0 0 0 0 0 0 0 0 -1
-1 0 0 0 0 0 0 0 0 0 0 0 0 0 0 0 0 0 0 0 0 0 0 0 0 0 -1
-1 0 0 0 0 0 0 0 0 0 0 0 0 0 0 0 0 0 0 0 0 0 0 0 0 0 -1
-1 0 0 0 0 0 0 0 0 0 0 0 0 0 0 0 0 0 0 0 0 0 0 0 0 0 -1
-1 0 0 0 0 0 0 0 0 0 0 0 0 0 0 0 0 0 0 0 0 0 0 0 0 0 -1
-1 0 0 0 0 0 0 0 0 0 0 0 0 0 0 0 0 0 0 0 0 0 0 0 0 0 -1
-1 030103 030103 030103 030103 030103 030103 030103 030103 030103 010203 010203 010203 010203 010203 010203 010203 010203 010203 010203 010203 010203 010203 010203 010203 010203 -1
"salle_tuto2.txt" 1,14 24,14