1 1
20 10
30 37 37 37 37 37 37 37 37 37 38 37 37 37 37 37 37 37 37 30
36 0 0 0 0 0 0 0 0 35 36 0 0 0 0 0 0 0 0 35
36 0 0 0 0 0 0 0 0 35 36 0 0 0 0 0 0 0 0 35
39 0 0 0 0 0 0 0 0 35 36 0 0 0 0 0 0 0 0 38
0 0 0 0 0 0 0 0 0 37 38 0 0 0 0 0 0 0 0 0
0 0 0 0 0 0 0 0 0 0 0 0 0 0 0 0 0 0 0 0
0 0 0 0 0 0 0 0 0 0 0 0 0 0 0 0 0 0 0 0
0 0 0 0 0 0 0 0 0 0 0 0 0 0 0 0 0 0 0 0
0 0 0 0 0 0 0 0 0 0 0 0 0 0 0 0 0 0 0 0
47 47 47 47 47 47 47 47 47 47 47 47 47 47 47 47 47 47 47 47
salle_porte_rouge.txt 0 9 22 1