1 1
30 30
0 0 0 0 0 0 0 0 0 0 0 0 0 0 0 0 0 0 0 0 0 0 0 0 0 0 0 0 0 0
0 0 0 0 0 0 0 0 0 0 0 0 0 0 0 0 0 0 0 0 0 0 0 0 0 0 0 0 0 0
0 0 0 0 0 0 0 0 0 0 0 0 0 0 0 0 0 0 0 0 0 0 0 0 0 0 0 0 0 0
0 0 0 0 0 0 0 0 0 0 0 0 0 0 0 0 0 0 0 0 0 0 0 0 0 0 0 0 0 0
0 0 0 0 0 0 0 0 0 0 0 0 0 0 0 0 0 0 0 0 0 0 0 0 0 0 0 0 0 0
0 0 0 0 0 0 0 0 0 0 0 0 0 0 0 0 0 0 0 0 0 0 0 0 0 0 0 0 0 0
46 0 0 0 0 0 0 0 0 0 0 0 0 0 0 0 0 0 0 0 0 0 0 0 0 0 0 0 0 44
2 46 46 0 0 0 0 0 0 0 0 0 0 0 0 0 0 0 0 0 0 0 0 0 0 0 0 44 48 2
2 8 8 46 46 0 0 0 0 0 0 0 0 0 0 0 0 0 0 0 0 0 0 0 0 44 48 8 8 4
36 0 0 7 8 46 46 0 0 0 0 0 0 0 0 0 0 0 0 0 0 0 0 44 48 8 6 0 0 35
36 0 0 0 0 7 8 46 46 0 0 0 0 0 0 0 0 0 0 0 0 44 48 8 6 0 0 0 0 35
36 0 0 0 0 0 0 7 8 46 46 0 0 0 0 0 0 0 0 44 48 8 6 0 0 0 0 0 0 35
36 0 0 0 0 0 0 0 0 7 8 46 0 0 0 0 0 0 44 8 6 0 0 0 0 0 0 0 0 35
36 0 0 0 0 0 0 0 0 0 0 7 10 0 0 0 0 11 6 0 0 0 0 0 0 0 0 0 0 35
36 0 0 0 0 0 0 0 0 0 0 0 0 0 0 0 0 0 0 0 0 0 0 0 0 0 0 0 0 35
36 0 0 0 0 0 0 0 0 0 0 0 0 0 0 0 0 0 0 0 0 0 0 0 0 0 0 0 0 35
36 0 0 0 0 0 0 0 0 0 0 51 51 51 51 51 51 51 51 0 0 0 0 0 0 0 0 0 0 35
36 0 0 0 0 0 0 0 0 0 57 50 50 50 50 50 50 50 50 55 0 0 0 0 0 0 0 0 0 35
36 0 0 0 0 0 0 0 0 57 50 50 50 50 50 50 50 50 50 50 55 0 0 0 0 0 0 0 0 35
36 0 0 0 0 0 0 0 57 50 50 50 50 50 50 50 50 50 50 50 50 55 0 0 0 0 0 0 0 35
36 0 0 0 0 0 0 57 50 50 50 50 50 50 50 50 50 50 50 50 50 50 55 0 0 0 0 0 0 35
36 0 0 0 0 0 57 50 50 50 50 50 50 50 50 50 50 50 50 50 50 50 50 55 0 0 0 0 0 35
39 0 0 0 0 57 50 50 50 50 50 50 50 50 50 50 50 50 50 50 50 50 50 50 55 0 0 0 0 38
0 0 0 0 0 54 50 50 50 50 50 50 50 50 50 50 50 50 50 50 50 50 50 50 53 0 0 0 0 0
0 0 0 0 0 54 50 50 50 50 50 50 50 50 50 50 50 50 50 50 50 50 50 50 53 0 0 0 0 0
0 0 0 0 0 54 50 50 50 50 50 50 50 50 50 50 50 50 50 50 50 50 50 50 53 0 0 0 0 0
0 0 0 0 0 56 56 56 56 56 56 56 56 56 56 56 56 56 56 56 56 56 56 56 56 0 0 0 0 0
0 0 0 0 0 0 0 0 0 0 0 0 0 0 0 0 0 0 0 0 0 0 0 0 0 0 0 0 0 0
0 0 0 0 0 0 0 0 0 0 0 0 0 0 0 0 0 0 0 0 0 0 0 0 0 0 0 0 0 0
47 47 47 47 47 47 47 47 47 47 47 47 47 47 47 47 47 47 47 47 47 47 47 47 47 47 47 47 47 47
salle_etage.txt 0 28 32 2
salle_avant_boss.txt 29 28 0 14
