1 1
15 15
2 8 8 8 8 8 8 8 8 8 8 8 8 8 2
5 0 0 0 0 0 0 0 0 0 0 0 0 0 5
5 0 0 0 0 0 0 0 0 0 0 0 0 0 5
5 0 0 0 0 0 0 0 0 0 0 0 0 0 5
5 0 0 0 0 0 0 0 0 0 0 0 0 0 5
5 0 0 0 0 0 0 0 0 0 0 0 0 0 5
5 0 0 0 0 0 0 0 0 0 0 0 0 0 5
5 0 0 0 0 0 0 0 0 0 0 0 0 0 5
6 0 0 0 0 0 0 0 0 0 0 0 0 0 5
0 0 0 0 0 0 0 0 0 0 0 0 0 0 5
0 0 0 0 0 0 0 0 0 0 0 0 0 0 5
0 0 0 0 0 0 0 0 0 0 0 0 0 0 5
0 0 0 0 0 0 12 2 13 0 0 0 0 0 5
0 0 0 0 0 12 2 2 2 13 0 0 0 0 5
2 2 2 2 2 2 2 2 2 2 2 2 2 2 2
salle_porte_bleue.txt 0 13 32 4
