1 1
15 15
17 22 22 22 22 22 22 22 22 22 22 22 22 22 17
18 0 0 0 0 0 0 0 0 0 0 0 0 0 19
18 0 0 0 0 0 0 0 0 0 0 0 0 0 19
18 0 0 0 0 0 0 0 0 0 0 0 0 0 19
18 0 0 0 0 0 0 0 0 0 0 0 0 0 19
18 0 0 0 0 0 0 0 0 0 0 0 0 0 19
18 0 0 0 0 0 0 0 0 0 0 0 0 0 19
18 0 0 0 0 0 0 0 0 0 0 0 0 0 19
18 0 0 0 0 0 0 0 0 0 0 0 0 0 19
0 0 0 0 0 0 0 0 0 0 0 0 0 0 0
0 0 0 0 0 0 0 0 0 0 0 0 0 0 0
0 0 0 0 0 0 0 0 0 0 0 0 0 0 0
0 0 0 0 0 0 0 0 0 0 0 0 0 0 0
0 0 0 0 0 0 0 0 0 0 0 0 0 0 0
20 20 20 20 20 20 20 20 20 20 20 20 20 20 20
zone_mindfuck_3.txt 0 13 12 9
salle_avant_boss.txt 14 13 32 14
